Re: 34629007.509196 W_des: 122257.878552 Input CL: 0.692642 
Au_r: 0.267993 0.087574 0.306623 0.095724 0.306853 0.398774 
Al_r: -0.239719 -0.189698 -0.052004 -0.583514 0.076366 0.334008 
Au_t: 0.145524 0.048829 0.167464 0.054309 0.171701 0.230486 
Al_t: -0.136564 -0.101171 -0.028417 -0.305307 0.044194 0.195525 
