x: 0.000000 y: 0.000000 z: 0.000000 Chord(m): 9.155662 Twist: 0.000000 
x: 4.651542 y: 8.130000 z: 0.854497 Chord(m): 4.585420 Twist: 0.100006 
x: 12.596070 y: 22.755278 z: 2.391676 Chord(m): 2.021724 Twist: 0.099988 
Au_r: 0.240075 0.084529 0.288936 0.094231 0.302181 0.420151 
Al_r: -0.241418 -0.178236 -0.050140 -0.520529 0.077832 0.356081 
Au_t: 0.141713 0.048303 0.163418 0.054029 0.169878 0.234046 
Al_t: -0.136993 -0.099316 -0.028227 -0.290048 0.044605 0.198723 
