x: 0.000000 y: 0.000000 z: 0.000000 Chord(m): 8.665874 Twist: 0.000000 
x: 3.642118 y: 8.130000 z: 0.854497 Chord(m): 5.105055 Twist: 2.004349 
x: 9.146340 y: 18.831931 z: 1.979316 Chord(m): 1.882522 Twist: 0.959052 
Au_r: 0.266646 0.085597 0.297788 0.097222 0.306159 0.386738 
Al_r: -0.226844 -0.176171 -0.052565 -0.566433 0.075873 0.318072 
Au_t: 0.147107 0.048655 0.162152 0.057023 0.166865 0.214153 
Al_t: -0.129470 -0.107379 -0.028642 -0.308354 0.044467 0.183328 
Cl_hat: 1.367726 1.434310 1.511379 1.592781 1.680269 1.776031 1.842897 1.913612 1.983070 2.046372 2.094613 2.111372 2.048829 1.739298 
Cm_hat: -0.350865 -0.341403 -0.333514 -0.325070 -0.315404 -0.320503 -0.297758 -0.276062 -0.259306 -0.244076 -0.227717 -0.205395 -0.168565 -0.102173 
