x: 0.000000 y: 0.000000 z: 0.000000 Chord(m): 8.581060 Twist: 0.000000 
x: 3.675657 y: 8.130000 z: 0.854497 Chord(m): 4.986703 Twist: 2.017820 
x: 11.318903 y: 21.127950 z: 2.220637 Chord(m): 1.801097 Twist: 0.987250 
Au_r: 0.254392 0.085622 0.293316 0.095083 0.302705 0.404482 
Al_r: -0.232770 -0.185006 -0.050659 -0.545966 0.076247 0.330629 
Au_t: 0.141713 0.048460 0.162794 0.054374 0.170102 0.228992 
Al_t: -0.134198 -0.102429 -0.028401 -0.307206 0.044498 0.192785 
Cl_hat: 1.358942 1.450555 1.550103 1.654199 1.762225 1.832253 1.892603 1.952346 2.007564 2.055141 2.089174 2.095435 2.029068 1.722884 
Cm_hat: -0.365147 -0.356618 -0.348010 -0.338321 -0.327930 -0.298857 -0.275604 -0.259403 -0.246490 -0.234401 -0.220783 -0.201693 -0.168383 -0.102041 
