Cl: 1.396600 1.471000 1.554800 1.642300 1.734300 1.831800 1.913000 1.977500 2.037800 2.088800 2.121800 2.117200 2.024500 1.680100 
Cm: -0.344100 -0.333300 -0.323900 -0.313600 -0.302100 -0.289400 -0.273700 -0.260800 -0.248700 -0.235000 -0.217600 -0.192700 -0.153600 -0.089900 
W_wing: 12424.900000 
LD_ratio: 13.806351 
W_fuel 36435.596761 
W_TO_max 0.859904 
