Cl: 1.655900 1.714000 1.782100 1.847000 1.908400 1.966100 2.019900 2.054300 2.076300 2.093400 2.094800 2.060300 1.942200 1.590100 
Cm: -0.372900 -0.357100 -0.344200 -0.329900 -0.313000 -0.291600 -0.262100 -0.234500 -0.221400 -0.208900 -0.194600 -0.175800 -0.148000 -0.102200 
W_wing: 8668.100000 
LD_ratio: 11.950308 
W_fuel 56354.919507 
W_TO_max 0.995935 
