Cl: 0.720800 0.766800 0.806900 0.839200 0.860300 0.829800 0.809000 0.788900 0.764900 0.735000 0.696900 0.647100 0.578500 0.466700 
Cm: -0.336600 -0.342900 -0.344300 -0.339800 -0.327000 -0.272800 -0.243000 -0.227600 -0.217400 -0.208400 -0.198800 -0.187600 -0.173300 -0.151000 
W_wing: 8262.930000 
LD_ratio: 16.792308 
W_fuel 60222.233112 
W_TO_max 1.000000 
