Cl: 1.293200 1.401900 1.521300 1.652800 1.805100 1.883100 1.918400 1.955400 1.988400 2.013800 2.025800 2.009500 1.921000 1.601800 
Cm: -0.371000 -0.366200 -0.361300 -0.354200 -0.342800 -0.292000 -0.263800 -0.246300 -0.233100 -0.220900 -0.207100 -0.188100 -0.155800 -0.094100 
W_wing: 22229.100000 
LD_ratio: 15.283727 
W_fuel 45811.266157 
W_TO_max 0.992122 
