Cl: 0.521800 0.551300 0.582200 0.612700 0.647100 0.629100 0.577700 0.535800 0.497000 0.457100 0.412600 0.360100 0.295000 0.208700 
Cm: -0.290700 -0.300700 -0.309100 -0.314100 -0.315900 -0.295900 -0.277200 -0.265300 -0.256500 -0.248700 -0.240700 -0.231000 -0.217300 -0.189000 
W_wing: 4428.780000 
LD_ratio: 11.337839 
W_fuel 52547.049145 
W_TO_max 0.996631 
