Cl: 1.359000 1.451200 1.551300 1.655900 1.764500 1.834800 1.895000 1.954600 2.009400 2.056600 2.090300 2.095800 2.028300 1.721100 
Cm: -0.365200 -0.356600 -0.347900 -0.338100 -0.327800 -0.298700 -0.275500 -0.259400 -0.246500 -0.234500 -0.220800 -0.201500 -0.168100 -0.101700 
W_wing: 18877.400000 
LD_ratio: 15.168863 
W_fuel 44408.588817 
W_TO_max 0.952086 
