Cl: 1.509700 1.640000 1.778400 1.925700 2.089900 2.134500 2.124000 2.120700 2.115100 2.103400 2.080500 2.036000 1.936100 1.631400 
Cm: -0.390200 -0.382500 -0.375800 -0.367900 -0.356900 -0.286400 -0.246900 -0.227800 -0.216100 -0.206000 -0.195200 -0.181100 -0.157400 -0.102100 
W_wing: 24747.700000 
LD_ratio: 16.787940 
W_fuel 45025.480628 
W_TO_max 1.000000 
