C_root: 8.576622 Taper_1: 0.597235 Taper_2: 0.352955 Sweep_LE_2: 29.244939 b2: 11.572291 Twist_mid: 0.001000 Twist_tip: 0.001000 
Au_r: 0.249911 0.085155 0.294455 0.094001 0.305099 0.416696 
Al_r: 0.237030 0.178497 0.050412 0.536985 0.076723 0.348514 
Au_t: 0.143567 0.047758 0.164430 0.054183 0.172458 0.234139 
Al_t: 0.135785 0.099669 0.028135 0.296785 0.044108 0.197802 
Cl_hat: 1.512922 1.613715 1.711559 1.801542 1.883697 1.901575 1.894081 1.914064 1.897278 1.916952 1.891224 1.853250 1.777220 1.553851 
Cm_hat: 0.376677 0.368048 0.359799 0.350567 0.340192 0.295672 0.264785 0.246128 0.233924 0.223549 0.212275 0.197713 0.173201 0.118560 
LD_ratio: 14.821168 W_wing_hat: 17189.592601 W_fuel_hat: 45401.113665 
MTOM: 149801.141622 Normalised objective function: 
MTOM: 0.957263 Normalised objective function: 
