x: 0.000000 y: 0.000000 z: 0.000000 Chord(m): 8.576622 Twist: 0.000000 
x: 3.535664 y: 8.130000 z: 0.854497 Chord(m): 5.122257 Twist: 0.001000 
x: 9.933816 y: 21.086291 z: 2.216258 Chord(m): 1.807927 Twist: 0.001000 
Au_r: 0.249911 0.085155 0.294455 0.094001 0.305099 0.416696 
Al_r: -0.237030 -0.178497 -0.050412 -0.536985 0.076723 0.348514 
Au_t: 0.143567 0.047758 0.164430 0.054183 0.172458 0.234139 
Al_t: -0.135785 -0.099669 -0.028135 -0.296785 0.044108 0.197802 
