Cl: 1.382000 1.467900 1.556500 1.645700 1.737400 1.800400 1.854900 1.911000 1.964500 2.012100 2.047100 2.053900 1.987000 1.684000 
Cm: -0.361000 -0.351800 -0.342900 -0.333000 -0.322600 -0.298700 -0.282000 -0.269300 -0.257800 -0.245900 -0.231500 -0.210900 -0.176300 -0.112000 
W_wing: 17166.200000 
LD_ratio: 14.817635 
W_fuel 45419.158108 
W_TO_max 0.957263 
